0.629965429141163
0.612546278014738
0.578967346171642
0.465339240626558
0.387486184649997
0.29682040209893
0.151323921157654
0.0862632999268014
0.0506586115820822
0.0337876409673541
0.0276526104438067
0.0240478431029145
0.0219831042994729
0.0211304124433408
0.0201811251544102
0.020678471710852
0.0203495190097239
0.0202413231972514
0.0202276498121231
0.0201828564379106
0.0202089723680323
0.0203635927590738
0.0203282024969485
0.0204675872665166
0.0203838984800607
0.0204176662589669
0.0205015508271118
0.0202803855646464
0.0203502793719081
0.020547033553441
0.0204585203931672
0.0207257396435354
0.0205900967785062
0.0204879089929434
0.020878304708
0.0208757459477731
0.0135669011450445
0.0130014856786314
0.0128383794312606
0.0128064881532024
0.0127255831382044
0.0125906330318846
0.0125751726100616
0.0125748800101071
0.0126659776135237
0.0125692522126805
0.0125283599599592
0.0125334493081279
0.0125282576277283
0.0125680494261736
0.0124747846727103
