4.9372884318948E-09, 0.999648720163688
4.93728843189479E-09, 0.999648720163688
1.79432391375335E-05, 0.978998943574722
6.67944094605137E-05, 0.959798583996268
0.00015644732518813, 0.939005574488012
0.000271578296824588, 0.920273231500423
0.00043883778534594, 0.899555129789138
0.000633319876468838, 0.880349117162683
0.000885264282238046, 0.859826186358202
0.00115931729963247, 0.840961369983307
0.00149574346959539, 0.821015843825709
0.00188368858001679, 0.801029518002065
0.0023102066614131, 0.781695057462375
0.00279681137289877, 0.762103280616983
0.00333115390952031, 0.742863020608401
0.00393347464623632, 0.723357068682696
0.00458160040662838, 0.704380765447197
0.00531649223575881, 0.684856304774922
0.00609811148577455, 0.665950076806367
0.00696488838193389, 0.646795239207036
0.00790569592698113, 0.627764731172008
0.00892114037673517, 0.608916700801925
0.0100475491637486, 0.589763638776118
0.0112288998249146, 0.571174689463385
0.0125338943494941, 0.552300160820201
0.0139521079380054, 0.533396090192813
0.0154343870118936, 0.515154391985018
0.0170630798493953, 0.496631117774483
0.0188019355312261, 0.478423324533247
0.0206755698976493, 0.460152121803057
0.0226730835992986, 0.442204387694006
0.0248638957270718, 0.424011952267802
0.0270785015429657, 0.406994095920622
0.0296208676153702, 0.388929323182953
0.0322107798417629, 0.371931315498599
0.0350197872827258, 0.354887033884883
0.0380683682571709, 0.337815448799612
0.0413485178582934, 0.320889814816495
0.0447926481222229, 0.304519681796122
0.0485656500313752, 0.288021938633037
0.0524253838056577, 0.272500892083722
0.0567734323794915, 0.256448570860956
0.0613440193117711, 0.241002186935665
0.0661857581756339, 0.226030339028516
0.0714297769149692, 0.211221995612311
0.0769962503265985, 0.196898956345865
0.0829705770637154, 0.18291918485767
0.0894999860367562, 0.16907423282174
0.0963019114840754, 0.156034585511553
0.103575679293466, 0.143445606287748
0.111374417850756, 0.131297853441964
0.119820428244255, 0.119505458394294
0.128596177519067, 0.108551123789777
0.138155204954766, 0.0979178193629842
0.14800137999949, 0.0881863053388271
0.158848065169786, 0.0786992632358704
0.170094576746023, 0.0700350878586403
0.182111473247553, 0.0619068169291275
0.194685075058704, 0.0544703667789004
0.207877294762377, 0.0476706947231347
0.221666990276252, 0.0414989082841163
0.236022740239727, 0.0359392226017401
0.250875691767672, 0.0309775444277279
0.266559164754698, 0.0264794413582589
0.282130306275301, 0.0226530189551873
0.29837647830975, 0.019237043988253
0.316001727812258, 0.0160944021393086
0.333364878438637, 0.0134822592857493
0.35121132055598, 0.0112186534044623
0.369242279808739, 0.00929717985544358
0.384437724333692, 0.00792034671787488
0.405839566532217, 0.00629798815929211
0.422256331610848, 0.0052662692391828
0.441711271468287, 0.00431075020121901
0.461775464614578, 0.00337959728574171
0.482354338724744, 0.00266031378651013
0.502100470158079, 0.0021014484943058
0.519694502889364, 0.00169360343776005
0.540535448020224, 0.00130173364422574
0.559589503323208, 0.00101510343801796
0.580255649813226, 0.000767730903076357
0.600194890224114, 0.000580215948582956
0.615559052832594, 0.000463952409224223
0.635250183624302, 0.000344511717085221
0.659500203097996, 0.000234249269514254
0.679008876707144, 0.000168778656980571
0.700034748336925, 0.000116194755306703
0.71866523319793, 8.18297982475555E-05
0.739727426162357, 5.36402943467698E-05
0.759828789633976, 3.47892623152123E-05
0.775367810329772, 2.43184683450264E-05
0.797034762112047, 1.41782401912207E-05
0.819781009566833, 7.56923902522162E-06
0.833038876590019, 5.06795487616755E-06
0.858169877639473, 2.16341243094179E-06
0.873574307394761, 1.19168931831525E-06
0.89399232918406, 4.80305872704561E-07
0.919192276020131, 1.19502136025205E-07
0.930953626651171, 7.10951462132503E-08
0.958886441211947, 3.86766914740454E-09
0.979691102532825, 1.10762808850834E-10
